<?php

const Cities = ['Кишинёв', 'Бельцы', 'Тирасполь', 'Бендеры', 'Рыбница', 'Кагул',
    'Унгень', 'Сороки', 'Орхей', 'Комрат', 'Дубоссары', 'Чадыр-Лунга', 'Страшены', 'Дрокия', 'Каушаны'];

const Distances = [

    'direct' => [
        [0, 109, 62, 51, 85, 132, 83, 137, 43, 80, 37, 106, 27, 142, 58],
        [109, 0, 165, 156, 80, 207, 63, 52, 79, 172, 108, 202, 82, 36, 167],
        [62, 165, 0, 13, 114, 152, 146, 178, 163, 96, 60, 107, 88, 194, 28],
        [51, 156, 13, 0, 110, 142, 134, 172, 79, 86, 54, 99, 77, 186, 21],
        [85, 80, 114, 110, 0, 216, 110, 68, 44, 165, 57, 191, 74, 94, 129],
        [132, 207, 152, 142, 216, 0, 147, 250, 172, 56, 168, 52, 143, 243, 124],
        [83, 63, 146, 134, 110, 147, 0, 112, 80, 120, 103, 150, 60, 98, 138],
        [137, 52, 178, 172, 68, 250, 112, 0, 95, 208, 118, 237, 112, 35, 188],
        [43, 79, 163, 79, 44, 172, 80, 95, 0, 121, 29, 147, 42, 123, 94],
        [80, 172, 96, 86, 165, 56, 120, 208, 121, 0, 114, 30, 97, 208, 69],
        [37, 108, 60, 54, 57, 168, 103, 118, 29, 114, 0, 137, 45, 135, 71],
        [106, 202, 107, 99, 191, 52, 150, 237, 147, 30, 137, 0, 125, 238, 79],
        [27, 82, 88, 77, 74, 143, 60, 112, 42, 97, 45, 125, 0, 116, 86],
        [142, 36, 194, 186, 94, 243, 98, 35, 123, 208, 135, 238, 116, 0, 199],
        [58, 167, 28, 21, 129, 124, 138, 188, 94, 69, 71, 79, 86, 199, 0],
    ],

    /*'by_car' => [
        [0, 135, 78, 60, 105, 168, 111, 156, 49, 99, 43, 135, 28, 191, 69],
        [135, 0, 198, 189, 111, 301, 77, 81, 86, 215, 153, 271, 110, 52, 204],
        [78, 198, 0, 14, 126, 211, 186, 219, 109, 126, 65, 162, 105, 253, 34],
        [60, 189, 14, 0, 140, 201, 177, 211, 103, 116, 78, 152, 97, 244, 24],
        [105, 111, 126, 140, 0, 272, 181, 101, 57, 206, 60, 242, 105, 150, 159],
        [168, 301, 211, 201, 272, 0, 244, 324, 216, 82, 211, 69, 186, 336, 175],
        [111, 77, 186, 177, 181, 244, 0, 156, 147, 175, 141, 211, 84, 124, 200],
        [156, 81, 219, 211, 101, 324, 156, 0, 111, 256, 157, 349, 161, 52, 233],
        [49, 86, 109, 103, 57, 216, 147, 111, 0, 150, 51, 185, 48, 141, 119],
        [99, 215, 126, 116, 206, 82, 175, 256, 150, 0, 145, 37, 120, 292, 94],
        [43, 153, 65, 78, 60, 211, 141, 157, 51, 145, 0, 181, 57, 209, 98],
        [135, 271, 162, 152, 242, 69, 211, 349, 185, 37, 181, 0, 156, 328, 130],
        [28, 110, 105, 97, 105, 186, 84, 161, 48, 120, 57, 156, 0, 165, 112],
        [191, 52, 253, 244, 150, 336, 124, 52, 141, 292, 209, 328, 165, 0, 267],
        [69, 204, 34, 24, 159, 175, 200, 233, 119, 94, 98, 130, 112, 267, 0],
    ],*/

    'by_car' => [
        'Kishinev' => [
            'Bendery' => 60,
            'Komrat' => 99,
            'Dubossary' => 43,
            'Strasheny' => 28
        ],

        'Belci' => [
            'Soroca' => 81,
            'Orhey' => 86,
            'Drokiya' => 52
        ],

        'Tiraspol' => [
            'Bendery' => 14
        ],

        'Bendery' => [
            'Kishinev' => 60,
            'Tiraspol' => 14,
            'Kaushany' => 24
        ],

        'Rybniza' => [
            'Orhey' => 57,
            'Dubossary' => 60
        ],

        'Kahul' => [
            'Chadyr-Lunha' => 69
        ],

        'Unhen' => [
            'Strasheny' => 84,
        ],

        'Soroca' => [
            'Belci' => 81
        ],

        'Orhey' => [
            'Belci' => 86,
            'Rybniza' => 57,
            'Dubossary' => 51,
        ],

        'Komrat' => [
            'Kishinev' => 99,
            'Chadyr-Lunha' => 37,
        ],

        'Dubossary' => [
            'Kishinev' => 43,
            'Rybniza' => 60,
            'Orhey' => 51,
        ],

        'Chadyr-Lunha' => [
            'Kahul' => 69,
            'Komrat' => 37,
            'Kaushany' => 130
        ],

        'Strasheny' => [
            'Kishinev' => 28,
            'Unhen' => 84,
        ],

        'Drokiya' => [
            'Belci' => 52
        ],

        'Kaushany' => [
            'Bendery' => 24,
            'Chadyr-Lunha' => 130,
        ],
    ],
];